5000 32
many_squares.ppm
2500
n
10 10
10 110
10 210
10 310
10 410
10 510
10 610
10 710
10 810
10 910
10 1010
10 1110
10 1210
10 1310
10 1410
10 1510
10 1610
10 1710
10 1810
10 1910
10 2010
10 2110
10 2210
10 2310
10 2410
10 2510
10 2610
10 2710
10 2810
10 2910
10 3010
10 3110
10 3210
10 3310
10 3410
10 3510
10 3610
10 3710
10 3810
10 3910
10 4010
10 4110
10 4210
10 4310
10 4410
10 4510
10 4610
10 4710
10 4810
10 4910
110 10
110 110
110 210
110 310
110 410
110 510
110 610
110 710
110 810
110 910
110 1010
110 1110
110 1210
110 1310
110 1410
110 1510
110 1610
110 1710
110 1810
110 1910
110 2010
110 2110
110 2210
110 2310
110 2410
110 2510
110 2610
110 2710
110 2810
110 2910
110 3010
110 3110
110 3210
110 3310
110 3410
110 3510
110 3610
110 3710
110 3810
110 3910
110 4010
110 4110
110 4210
110 4310
110 4410
110 4510
110 4610
110 4710
110 4810
110 4910
210 10
210 110
210 210
210 310
210 410
210 510
210 610
210 710
210 810
210 910
210 1010
210 1110
210 1210
210 1310
210 1410
210 1510
210 1610
210 1710
210 1810
210 1910
210 2010
210 2110
210 2210
210 2310
210 2410
210 2510
210 2610
210 2710
210 2810
210 2910
210 3010
210 3110
210 3210
210 3310
210 3410
210 3510
210 3610
210 3710
210 3810
210 3910
210 4010
210 4110
210 4210
210 4310
210 4410
210 4510
210 4610
210 4710
210 4810
210 4910
310 10
310 110
310 210
310 310
310 410
310 510
310 610
310 710
310 810
310 910
310 1010
310 1110
310 1210
310 1310
310 1410
310 1510
310 1610
310 1710
310 1810
310 1910
310 2010
310 2110
310 2210
310 2310
310 2410
310 2510
310 2610
310 2710
310 2810
310 2910
310 3010
310 3110
310 3210
310 3310
310 3410
310 3510
310 3610
310 3710
310 3810
310 3910
310 4010
310 4110
310 4210
310 4310
310 4410
310 4510
310 4610
310 4710
310 4810
310 4910
410 10
410 110
410 210
410 310
410 410
410 510
410 610
410 710
410 810
410 910
410 1010
410 1110
410 1210
410 1310
410 1410
410 1510
410 1610
410 1710
410 1810
410 1910
410 2010
410 2110
410 2210
410 2310
410 2410
410 2510
410 2610
410 2710
410 2810
410 2910
410 3010
410 3110
410 3210
410 3310
410 3410
410 3510
410 3610
410 3710
410 3810
410 3910
410 4010
410 4110
410 4210
410 4310
410 4410
410 4510
410 4610
410 4710
410 4810
410 4910
510 10
510 110
510 210
510 310
510 410
510 510
510 610
510 710
510 810
510 910
510 1010
510 1110
510 1210
510 1310
510 1410
510 1510
510 1610
510 1710
510 1810
510 1910
510 2010
510 2110
510 2210
510 2310
510 2410
510 2510
510 2610
510 2710
510 2810
510 2910
510 3010
510 3110
510 3210
510 3310
510 3410
510 3510
510 3610
510 3710
510 3810
510 3910
510 4010
510 4110
510 4210
510 4310
510 4410
510 4510
510 4610
510 4710
510 4810
510 4910
610 10
610 110
610 210
610 310
610 410
610 510
610 610
610 710
610 810
610 910
610 1010
610 1110
610 1210
610 1310
610 1410
610 1510
610 1610
610 1710
610 1810
610 1910
610 2010
610 2110
610 2210
610 2310
610 2410
610 2510
610 2610
610 2710
610 2810
610 2910
610 3010
610 3110
610 3210
610 3310
610 3410
610 3510
610 3610
610 3710
610 3810
610 3910
610 4010
610 4110
610 4210
610 4310
610 4410
610 4510
610 4610
610 4710
610 4810
610 4910
710 10
710 110
710 210
710 310
710 410
710 510
710 610
710 710
710 810
710 910
710 1010
710 1110
710 1210
710 1310
710 1410
710 1510
710 1610
710 1710
710 1810
710 1910
710 2010
710 2110
710 2210
710 2310
710 2410
710 2510
710 2610
710 2710
710 2810
710 2910
710 3010
710 3110
710 3210
710 3310
710 3410
710 3510
710 3610
710 3710
710 3810
710 3910
710 4010
710 4110
710 4210
710 4310
710 4410
710 4510
710 4610
710 4710
710 4810
710 4910
810 10
810 110
810 210
810 310
810 410
810 510
810 610
810 710
810 810
810 910
810 1010
810 1110
810 1210
810 1310
810 1410
810 1510
810 1610
810 1710
810 1810
810 1910
810 2010
810 2110
810 2210
810 2310
810 2410
810 2510
810 2610
810 2710
810 2810
810 2910
810 3010
810 3110
810 3210
810 3310
810 3410
810 3510
810 3610
810 3710
810 3810
810 3910
810 4010
810 4110
810 4210
810 4310
810 4410
810 4510
810 4610
810 4710
810 4810
810 4910
910 10
910 110
910 210
910 310
910 410
910 510
910 610
910 710
910 810
910 910
910 1010
910 1110
910 1210
910 1310
910 1410
910 1510
910 1610
910 1710
910 1810
910 1910
910 2010
910 2110
910 2210
910 2310
910 2410
910 2510
910 2610
910 2710
910 2810
910 2910
910 3010
910 3110
910 3210
910 3310
910 3410
910 3510
910 3610
910 3710
910 3810
910 3910
910 4010
910 4110
910 4210
910 4310
910 4410
910 4510
910 4610
910 4710
910 4810
910 4910
1010 10
1010 110
1010 210
1010 310
1010 410
1010 510
1010 610
1010 710
1010 810
1010 910
1010 1010
1010 1110
1010 1210
1010 1310
1010 1410
1010 1510
1010 1610
1010 1710
1010 1810
1010 1910
1010 2010
1010 2110
1010 2210
1010 2310
1010 2410
1010 2510
1010 2610
1010 2710
1010 2810
1010 2910
1010 3010
1010 3110
1010 3210
1010 3310
1010 3410
1010 3510
1010 3610
1010 3710
1010 3810
1010 3910
1010 4010
1010 4110
1010 4210
1010 4310
1010 4410
1010 4510
1010 4610
1010 4710
1010 4810
1010 4910
1110 10
1110 110
1110 210
1110 310
1110 410
1110 510
1110 610
1110 710
1110 810
1110 910
1110 1010
1110 1110
1110 1210
1110 1310
1110 1410
1110 1510
1110 1610
1110 1710
1110 1810
1110 1910
1110 2010
1110 2110
1110 2210
1110 2310
1110 2410
1110 2510
1110 2610
1110 2710
1110 2810
1110 2910
1110 3010
1110 3110
1110 3210
1110 3310
1110 3410
1110 3510
1110 3610
1110 3710
1110 3810
1110 3910
1110 4010
1110 4110
1110 4210
1110 4310
1110 4410
1110 4510
1110 4610
1110 4710
1110 4810
1110 4910
1210 10
1210 110
1210 210
1210 310
1210 410
1210 510
1210 610
1210 710
1210 810
1210 910
1210 1010
1210 1110
1210 1210
1210 1310
1210 1410
1210 1510
1210 1610
1210 1710
1210 1810
1210 1910
1210 2010
1210 2110
1210 2210
1210 2310
1210 2410
1210 2510
1210 2610
1210 2710
1210 2810
1210 2910
1210 3010
1210 3110
1210 3210
1210 3310
1210 3410
1210 3510
1210 3610
1210 3710
1210 3810
1210 3910
1210 4010
1210 4110
1210 4210
1210 4310
1210 4410
1210 4510
1210 4610
1210 4710
1210 4810
1210 4910
1310 10
1310 110
1310 210
1310 310
1310 410
1310 510
1310 610
1310 710
1310 810
1310 910
1310 1010
1310 1110
1310 1210
1310 1310
1310 1410
1310 1510
1310 1610
1310 1710
1310 1810
1310 1910
1310 2010
1310 2110
1310 2210
1310 2310
1310 2410
1310 2510
1310 2610
1310 2710
1310 2810
1310 2910
1310 3010
1310 3110
1310 3210
1310 3310
1310 3410
1310 3510
1310 3610
1310 3710
1310 3810
1310 3910
1310 4010
1310 4110
1310 4210
1310 4310
1310 4410
1310 4510
1310 4610
1310 4710
1310 4810
1310 4910
1410 10
1410 110
1410 210
1410 310
1410 410
1410 510
1410 610
1410 710
1410 810
1410 910
1410 1010
1410 1110
1410 1210
1410 1310
1410 1410
1410 1510
1410 1610
1410 1710
1410 1810
1410 1910
1410 2010
1410 2110
1410 2210
1410 2310
1410 2410
1410 2510
1410 2610
1410 2710
1410 2810
1410 2910
1410 3010
1410 3110
1410 3210
1410 3310
1410 3410
1410 3510
1410 3610
1410 3710
1410 3810
1410 3910
1410 4010
1410 4110
1410 4210
1410 4310
1410 4410
1410 4510
1410 4610
1410 4710
1410 4810
1410 4910
1510 10
1510 110
1510 210
1510 310
1510 410
1510 510
1510 610
1510 710
1510 810
1510 910
1510 1010
1510 1110
1510 1210
1510 1310
1510 1410
1510 1510
1510 1610
1510 1710
1510 1810
1510 1910
1510 2010
1510 2110
1510 2210
1510 2310
1510 2410
1510 2510
1510 2610
1510 2710
1510 2810
1510 2910
1510 3010
1510 3110
1510 3210
1510 3310
1510 3410
1510 3510
1510 3610
1510 3710
1510 3810
1510 3910
1510 4010
1510 4110
1510 4210
1510 4310
1510 4410
1510 4510
1510 4610
1510 4710
1510 4810
1510 4910
1610 10
1610 110
1610 210
1610 310
1610 410
1610 510
1610 610
1610 710
1610 810
1610 910
1610 1010
1610 1110
1610 1210
1610 1310
1610 1410
1610 1510
1610 1610
1610 1710
1610 1810
1610 1910
1610 2010
1610 2110
1610 2210
1610 2310
1610 2410
1610 2510
1610 2610
1610 2710
1610 2810
1610 2910
1610 3010
1610 3110
1610 3210
1610 3310
1610 3410
1610 3510
1610 3610
1610 3710
1610 3810
1610 3910
1610 4010
1610 4110
1610 4210
1610 4310
1610 4410
1610 4510
1610 4610
1610 4710
1610 4810
1610 4910
1710 10
1710 110
1710 210
1710 310
1710 410
1710 510
1710 610
1710 710
1710 810
1710 910
1710 1010
1710 1110
1710 1210
1710 1310
1710 1410
1710 1510
1710 1610
1710 1710
1710 1810
1710 1910
1710 2010
1710 2110
1710 2210
1710 2310
1710 2410
1710 2510
1710 2610
1710 2710
1710 2810
1710 2910
1710 3010
1710 3110
1710 3210
1710 3310
1710 3410
1710 3510
1710 3610
1710 3710
1710 3810
1710 3910
1710 4010
1710 4110
1710 4210
1710 4310
1710 4410
1710 4510
1710 4610
1710 4710
1710 4810
1710 4910
1810 10
1810 110
1810 210
1810 310
1810 410
1810 510
1810 610
1810 710
1810 810
1810 910
1810 1010
1810 1110
1810 1210
1810 1310
1810 1410
1810 1510
1810 1610
1810 1710
1810 1810
1810 1910
1810 2010
1810 2110
1810 2210
1810 2310
1810 2410
1810 2510
1810 2610
1810 2710
1810 2810
1810 2910
1810 3010
1810 3110
1810 3210
1810 3310
1810 3410
1810 3510
1810 3610
1810 3710
1810 3810
1810 3910
1810 4010
1810 4110
1810 4210
1810 4310
1810 4410
1810 4510
1810 4610
1810 4710
1810 4810
1810 4910
1910 10
1910 110
1910 210
1910 310
1910 410
1910 510
1910 610
1910 710
1910 810
1910 910
1910 1010
1910 1110
1910 1210
1910 1310
1910 1410
1910 1510
1910 1610
1910 1710
1910 1810
1910 1910
1910 2010
1910 2110
1910 2210
1910 2310
1910 2410
1910 2510
1910 2610
1910 2710
1910 2810
1910 2910
1910 3010
1910 3110
1910 3210
1910 3310
1910 3410
1910 3510
1910 3610
1910 3710
1910 3810
1910 3910
1910 4010
1910 4110
1910 4210
1910 4310
1910 4410
1910 4510
1910 4610
1910 4710
1910 4810
1910 4910
2010 10
2010 110
2010 210
2010 310
2010 410
2010 510
2010 610
2010 710
2010 810
2010 910
2010 1010
2010 1110
2010 1210
2010 1310
2010 1410
2010 1510
2010 1610
2010 1710
2010 1810
2010 1910
2010 2010
2010 2110
2010 2210
2010 2310
2010 2410
2010 2510
2010 2610
2010 2710
2010 2810
2010 2910
2010 3010
2010 3110
2010 3210
2010 3310
2010 3410
2010 3510
2010 3610
2010 3710
2010 3810
2010 3910
2010 4010
2010 4110
2010 4210
2010 4310
2010 4410
2010 4510
2010 4610
2010 4710
2010 4810
2010 4910
2110 10
2110 110
2110 210
2110 310
2110 410
2110 510
2110 610
2110 710
2110 810
2110 910
2110 1010
2110 1110
2110 1210
2110 1310
2110 1410
2110 1510
2110 1610
2110 1710
2110 1810
2110 1910
2110 2010
2110 2110
2110 2210
2110 2310
2110 2410
2110 2510
2110 2610
2110 2710
2110 2810
2110 2910
2110 3010
2110 3110
2110 3210
2110 3310
2110 3410
2110 3510
2110 3610
2110 3710
2110 3810
2110 3910
2110 4010
2110 4110
2110 4210
2110 4310
2110 4410
2110 4510
2110 4610
2110 4710
2110 4810
2110 4910
2210 10
2210 110
2210 210
2210 310
2210 410
2210 510
2210 610
2210 710
2210 810
2210 910
2210 1010
2210 1110
2210 1210
2210 1310
2210 1410
2210 1510
2210 1610
2210 1710
2210 1810
2210 1910
2210 2010
2210 2110
2210 2210
2210 2310
2210 2410
2210 2510
2210 2610
2210 2710
2210 2810
2210 2910
2210 3010
2210 3110
2210 3210
2210 3310
2210 3410
2210 3510
2210 3610
2210 3710
2210 3810
2210 3910
2210 4010
2210 4110
2210 4210
2210 4310
2210 4410
2210 4510
2210 4610
2210 4710
2210 4810
2210 4910
2310 10
2310 110
2310 210
2310 310
2310 410
2310 510
2310 610
2310 710
2310 810
2310 910
2310 1010
2310 1110
2310 1210
2310 1310
2310 1410
2310 1510
2310 1610
2310 1710
2310 1810
2310 1910
2310 2010
2310 2110
2310 2210
2310 2310
2310 2410
2310 2510
2310 2610
2310 2710
2310 2810
2310 2910
2310 3010
2310 3110
2310 3210
2310 3310
2310 3410
2310 3510
2310 3610
2310 3710
2310 3810
2310 3910
2310 4010
2310 4110
2310 4210
2310 4310
2310 4410
2310 4510
2310 4610
2310 4710
2310 4810
2310 4910
2410 10
2410 110
2410 210
2410 310
2410 410
2410 510
2410 610
2410 710
2410 810
2410 910
2410 1010
2410 1110
2410 1210
2410 1310
2410 1410
2410 1510
2410 1610
2410 1710
2410 1810
2410 1910
2410 2010
2410 2110
2410 2210
2410 2310
2410 2410
2410 2510
2410 2610
2410 2710
2410 2810
2410 2910
2410 3010
2410 3110
2410 3210
2410 3310
2410 3410
2410 3510
2410 3610
2410 3710
2410 3810
2410 3910
2410 4010
2410 4110
2410 4210
2410 4310
2410 4410
2410 4510
2410 4610
2410 4710
2410 4810
2410 4910
2510 10
2510 110
2510 210
2510 310
2510 410
2510 510
2510 610
2510 710
2510 810
2510 910
2510 1010
2510 1110
2510 1210
2510 1310
2510 1410
2510 1510
2510 1610
2510 1710
2510 1810
2510 1910
2510 2010
2510 2110
2510 2210
2510 2310
2510 2410
2510 2510
2510 2610
2510 2710
2510 2810
2510 2910
2510 3010
2510 3110
2510 3210
2510 3310
2510 3410
2510 3510
2510 3610
2510 3710
2510 3810
2510 3910
2510 4010
2510 4110
2510 4210
2510 4310
2510 4410
2510 4510
2510 4610
2510 4710
2510 4810
2510 4910
2610 10
2610 110
2610 210
2610 310
2610 410
2610 510
2610 610
2610 710
2610 810
2610 910
2610 1010
2610 1110
2610 1210
2610 1310
2610 1410
2610 1510
2610 1610
2610 1710
2610 1810
2610 1910
2610 2010
2610 2110
2610 2210
2610 2310
2610 2410
2610 2510
2610 2610
2610 2710
2610 2810
2610 2910
2610 3010
2610 3110
2610 3210
2610 3310
2610 3410
2610 3510
2610 3610
2610 3710
2610 3810
2610 3910
2610 4010
2610 4110
2610 4210
2610 4310
2610 4410
2610 4510
2610 4610
2610 4710
2610 4810
2610 4910
2710 10
2710 110
2710 210
2710 310
2710 410
2710 510
2710 610
2710 710
2710 810
2710 910
2710 1010
2710 1110
2710 1210
2710 1310
2710 1410
2710 1510
2710 1610
2710 1710
2710 1810
2710 1910
2710 2010
2710 2110
2710 2210
2710 2310
2710 2410
2710 2510
2710 2610
2710 2710
2710 2810
2710 2910
2710 3010
2710 3110
2710 3210
2710 3310
2710 3410
2710 3510
2710 3610
2710 3710
2710 3810
2710 3910
2710 4010
2710 4110
2710 4210
2710 4310
2710 4410
2710 4510
2710 4610
2710 4710
2710 4810
2710 4910
2810 10
2810 110
2810 210
2810 310
2810 410
2810 510
2810 610
2810 710
2810 810
2810 910
2810 1010
2810 1110
2810 1210
2810 1310
2810 1410
2810 1510
2810 1610
2810 1710
2810 1810
2810 1910
2810 2010
2810 2110
2810 2210
2810 2310
2810 2410
2810 2510
2810 2610
2810 2710
2810 2810
2810 2910
2810 3010
2810 3110
2810 3210
2810 3310
2810 3410
2810 3510
2810 3610
2810 3710
2810 3810
2810 3910
2810 4010
2810 4110
2810 4210
2810 4310
2810 4410
2810 4510
2810 4610
2810 4710
2810 4810
2810 4910
2910 10
2910 110
2910 210
2910 310
2910 410
2910 510
2910 610
2910 710
2910 810
2910 910
2910 1010
2910 1110
2910 1210
2910 1310
2910 1410
2910 1510
2910 1610
2910 1710
2910 1810
2910 1910
2910 2010
2910 2110
2910 2210
2910 2310
2910 2410
2910 2510
2910 2610
2910 2710
2910 2810
2910 2910
2910 3010
2910 3110
2910 3210
2910 3310
2910 3410
2910 3510
2910 3610
2910 3710
2910 3810
2910 3910
2910 4010
2910 4110
2910 4210
2910 4310
2910 4410
2910 4510
2910 4610
2910 4710
2910 4810
2910 4910
3010 10
3010 110
3010 210
3010 310
3010 410
3010 510
3010 610
3010 710
3010 810
3010 910
3010 1010
3010 1110
3010 1210
3010 1310
3010 1410
3010 1510
3010 1610
3010 1710
3010 1810
3010 1910
3010 2010
3010 2110
3010 2210
3010 2310
3010 2410
3010 2510
3010 2610
3010 2710
3010 2810
3010 2910
3010 3010
3010 3110
3010 3210
3010 3310
3010 3410
3010 3510
3010 3610
3010 3710
3010 3810
3010 3910
3010 4010
3010 4110
3010 4210
3010 4310
3010 4410
3010 4510
3010 4610
3010 4710
3010 4810
3010 4910
3110 10
3110 110
3110 210
3110 310
3110 410
3110 510
3110 610
3110 710
3110 810
3110 910
3110 1010
3110 1110
3110 1210
3110 1310
3110 1410
3110 1510
3110 1610
3110 1710
3110 1810
3110 1910
3110 2010
3110 2110
3110 2210
3110 2310
3110 2410
3110 2510
3110 2610
3110 2710
3110 2810
3110 2910
3110 3010
3110 3110
3110 3210
3110 3310
3110 3410
3110 3510
3110 3610
3110 3710
3110 3810
3110 3910
3110 4010
3110 4110
3110 4210
3110 4310
3110 4410
3110 4510
3110 4610
3110 4710
3110 4810
3110 4910
3210 10
3210 110
3210 210
3210 310
3210 410
3210 510
3210 610
3210 710
3210 810
3210 910
3210 1010
3210 1110
3210 1210
3210 1310
3210 1410
3210 1510
3210 1610
3210 1710
3210 1810
3210 1910
3210 2010
3210 2110
3210 2210
3210 2310
3210 2410
3210 2510
3210 2610
3210 2710
3210 2810
3210 2910
3210 3010
3210 3110
3210 3210
3210 3310
3210 3410
3210 3510
3210 3610
3210 3710
3210 3810
3210 3910
3210 4010
3210 4110
3210 4210
3210 4310
3210 4410
3210 4510
3210 4610
3210 4710
3210 4810
3210 4910
3310 10
3310 110
3310 210
3310 310
3310 410
3310 510
3310 610
3310 710
3310 810
3310 910
3310 1010
3310 1110
3310 1210
3310 1310
3310 1410
3310 1510
3310 1610
3310 1710
3310 1810
3310 1910
3310 2010
3310 2110
3310 2210
3310 2310
3310 2410
3310 2510
3310 2610
3310 2710
3310 2810
3310 2910
3310 3010
3310 3110
3310 3210
3310 3310
3310 3410
3310 3510
3310 3610
3310 3710
3310 3810
3310 3910
3310 4010
3310 4110
3310 4210
3310 4310
3310 4410
3310 4510
3310 4610
3310 4710
3310 4810
3310 4910
3410 10
3410 110
3410 210
3410 310
3410 410
3410 510
3410 610
3410 710
3410 810
3410 910
3410 1010
3410 1110
3410 1210
3410 1310
3410 1410
3410 1510
3410 1610
3410 1710
3410 1810
3410 1910
3410 2010
3410 2110
3410 2210
3410 2310
3410 2410
3410 2510
3410 2610
3410 2710
3410 2810
3410 2910
3410 3010
3410 3110
3410 3210
3410 3310
3410 3410
3410 3510
3410 3610
3410 3710
3410 3810
3410 3910
3410 4010
3410 4110
3410 4210
3410 4310
3410 4410
3410 4510
3410 4610
3410 4710
3410 4810
3410 4910
3510 10
3510 110
3510 210
3510 310
3510 410
3510 510
3510 610
3510 710
3510 810
3510 910
3510 1010
3510 1110
3510 1210
3510 1310
3510 1410
3510 1510
3510 1610
3510 1710
3510 1810
3510 1910
3510 2010
3510 2110
3510 2210
3510 2310
3510 2410
3510 2510
3510 2610
3510 2710
3510 2810
3510 2910
3510 3010
3510 3110
3510 3210
3510 3310
3510 3410
3510 3510
3510 3610
3510 3710
3510 3810
3510 3910
3510 4010
3510 4110
3510 4210
3510 4310
3510 4410
3510 4510
3510 4610
3510 4710
3510 4810
3510 4910
3610 10
3610 110
3610 210
3610 310
3610 410
3610 510
3610 610
3610 710
3610 810
3610 910
3610 1010
3610 1110
3610 1210
3610 1310
3610 1410
3610 1510
3610 1610
3610 1710
3610 1810
3610 1910
3610 2010
3610 2110
3610 2210
3610 2310
3610 2410
3610 2510
3610 2610
3610 2710
3610 2810
3610 2910
3610 3010
3610 3110
3610 3210
3610 3310
3610 3410
3610 3510
3610 3610
3610 3710
3610 3810
3610 3910
3610 4010
3610 4110
3610 4210
3610 4310
3610 4410
3610 4510
3610 4610
3610 4710
3610 4810
3610 4910
3710 10
3710 110
3710 210
3710 310
3710 410
3710 510
3710 610
3710 710
3710 810
3710 910
3710 1010
3710 1110
3710 1210
3710 1310
3710 1410
3710 1510
3710 1610
3710 1710
3710 1810
3710 1910
3710 2010
3710 2110
3710 2210
3710 2310
3710 2410
3710 2510
3710 2610
3710 2710
3710 2810
3710 2910
3710 3010
3710 3110
3710 3210
3710 3310
3710 3410
3710 3510
3710 3610
3710 3710
3710 3810
3710 3910
3710 4010
3710 4110
3710 4210
3710 4310
3710 4410
3710 4510
3710 4610
3710 4710
3710 4810
3710 4910
3810 10
3810 110
3810 210
3810 310
3810 410
3810 510
3810 610
3810 710
3810 810
3810 910
3810 1010
3810 1110
3810 1210
3810 1310
3810 1410
3810 1510
3810 1610
3810 1710
3810 1810
3810 1910
3810 2010
3810 2110
3810 2210
3810 2310
3810 2410
3810 2510
3810 2610
3810 2710
3810 2810
3810 2910
3810 3010
3810 3110
3810 3210
3810 3310
3810 3410
3810 3510
3810 3610
3810 3710
3810 3810
3810 3910
3810 4010
3810 4110
3810 4210
3810 4310
3810 4410
3810 4510
3810 4610
3810 4710
3810 4810
3810 4910
3910 10
3910 110
3910 210
3910 310
3910 410
3910 510
3910 610
3910 710
3910 810
3910 910
3910 1010
3910 1110
3910 1210
3910 1310
3910 1410
3910 1510
3910 1610
3910 1710
3910 1810
3910 1910
3910 2010
3910 2110
3910 2210
3910 2310
3910 2410
3910 2510
3910 2610
3910 2710
3910 2810
3910 2910
3910 3010
3910 3110
3910 3210
3910 3310
3910 3410
3910 3510
3910 3610
3910 3710
3910 3810
3910 3910
3910 4010
3910 4110
3910 4210
3910 4310
3910 4410
3910 4510
3910 4610
3910 4710
3910 4810
3910 4910
4010 10
4010 110
4010 210
4010 310
4010 410
4010 510
4010 610
4010 710
4010 810
4010 910
4010 1010
4010 1110
4010 1210
4010 1310
4010 1410
4010 1510
4010 1610
4010 1710
4010 1810
4010 1910
4010 2010
4010 2110
4010 2210
4010 2310
4010 2410
4010 2510
4010 2610
4010 2710
4010 2810
4010 2910
4010 3010
4010 3110
4010 3210
4010 3310
4010 3410
4010 3510
4010 3610
4010 3710
4010 3810
4010 3910
4010 4010
4010 4110
4010 4210
4010 4310
4010 4410
4010 4510
4010 4610
4010 4710
4010 4810
4010 4910
4110 10
4110 110
4110 210
4110 310
4110 410
4110 510
4110 610
4110 710
4110 810
4110 910
4110 1010
4110 1110
4110 1210
4110 1310
4110 1410
4110 1510
4110 1610
4110 1710
4110 1810
4110 1910
4110 2010
4110 2110
4110 2210
4110 2310
4110 2410
4110 2510
4110 2610
4110 2710
4110 2810
4110 2910
4110 3010
4110 3110
4110 3210
4110 3310
4110 3410
4110 3510
4110 3610
4110 3710
4110 3810
4110 3910
4110 4010
4110 4110
4110 4210
4110 4310
4110 4410
4110 4510
4110 4610
4110 4710
4110 4810
4110 4910
4210 10
4210 110
4210 210
4210 310
4210 410
4210 510
4210 610
4210 710
4210 810
4210 910
4210 1010
4210 1110
4210 1210
4210 1310
4210 1410
4210 1510
4210 1610
4210 1710
4210 1810
4210 1910
4210 2010
4210 2110
4210 2210
4210 2310
4210 2410
4210 2510
4210 2610
4210 2710
4210 2810
4210 2910
4210 3010
4210 3110
4210 3210
4210 3310
4210 3410
4210 3510
4210 3610
4210 3710
4210 3810
4210 3910
4210 4010
4210 4110
4210 4210
4210 4310
4210 4410
4210 4510
4210 4610
4210 4710
4210 4810
4210 4910
4310 10
4310 110
4310 210
4310 310
4310 410
4310 510
4310 610
4310 710
4310 810
4310 910
4310 1010
4310 1110
4310 1210
4310 1310
4310 1410
4310 1510
4310 1610
4310 1710
4310 1810
4310 1910
4310 2010
4310 2110
4310 2210
4310 2310
4310 2410
4310 2510
4310 2610
4310 2710
4310 2810
4310 2910
4310 3010
4310 3110
4310 3210
4310 3310
4310 3410
4310 3510
4310 3610
4310 3710
4310 3810
4310 3910
4310 4010
4310 4110
4310 4210
4310 4310
4310 4410
4310 4510
4310 4610
4310 4710
4310 4810
4310 4910
4410 10
4410 110
4410 210
4410 310
4410 410
4410 510
4410 610
4410 710
4410 810
4410 910
4410 1010
4410 1110
4410 1210
4410 1310
4410 1410
4410 1510
4410 1610
4410 1710
4410 1810
4410 1910
4410 2010
4410 2110
4410 2210
4410 2310
4410 2410
4410 2510
4410 2610
4410 2710
4410 2810
4410 2910
4410 3010
4410 3110
4410 3210
4410 3310
4410 3410
4410 3510
4410 3610
4410 3710
4410 3810
4410 3910
4410 4010
4410 4110
4410 4210
4410 4310
4410 4410
4410 4510
4410 4610
4410 4710
4410 4810
4410 4910
4510 10
4510 110
4510 210
4510 310
4510 410
4510 510
4510 610
4510 710
4510 810
4510 910
4510 1010
4510 1110
4510 1210
4510 1310
4510 1410
4510 1510
4510 1610
4510 1710
4510 1810
4510 1910
4510 2010
4510 2110
4510 2210
4510 2310
4510 2410
4510 2510
4510 2610
4510 2710
4510 2810
4510 2910
4510 3010
4510 3110
4510 3210
4510 3310
4510 3410
4510 3510
4510 3610
4510 3710
4510 3810
4510 3910
4510 4010
4510 4110
4510 4210
4510 4310
4510 4410
4510 4510
4510 4610
4510 4710
4510 4810
4510 4910
4610 10
4610 110
4610 210
4610 310
4610 410
4610 510
4610 610
4610 710
4610 810
4610 910
4610 1010
4610 1110
4610 1210
4610 1310
4610 1410
4610 1510
4610 1610
4610 1710
4610 1810
4610 1910
4610 2010
4610 2110
4610 2210
4610 2310
4610 2410
4610 2510
4610 2610
4610 2710
4610 2810
4610 2910
4610 3010
4610 3110
4610 3210
4610 3310
4610 3410
4610 3510
4610 3610
4610 3710
4610 3810
4610 3910
4610 4010
4610 4110
4610 4210
4610 4310
4610 4410
4610 4510
4610 4610
4610 4710
4610 4810
4610 4910
4710 10
4710 110
4710 210
4710 310
4710 410
4710 510
4710 610
4710 710
4710 810
4710 910
4710 1010
4710 1110
4710 1210
4710 1310
4710 1410
4710 1510
4710 1610
4710 1710
4710 1810
4710 1910
4710 2010
4710 2110
4710 2210
4710 2310
4710 2410
4710 2510
4710 2610
4710 2710
4710 2810
4710 2910
4710 3010
4710 3110
4710 3210
4710 3310
4710 3410
4710 3510
4710 3610
4710 3710
4710 3810
4710 3910
4710 4010
4710 4110
4710 4210
4710 4310
4710 4410
4710 4510
4710 4610
4710 4710
4710 4810
4710 4910
4810 10
4810 110
4810 210
4810 310
4810 410
4810 510
4810 610
4810 710
4810 810
4810 910
4810 1010
4810 1110
4810 1210
4810 1310
4810 1410
4810 1510
4810 1610
4810 1710
4810 1810
4810 1910
4810 2010
4810 2110
4810 2210
4810 2310
4810 2410
4810 2510
4810 2610
4810 2710
4810 2810
4810 2910
4810 3010
4810 3110
4810 3210
4810 3310
4810 3410
4810 3510
4810 3610
4810 3710
4810 3810
4810 3910
4810 4010
4810 4110
4810 4210
4810 4310
4810 4410
4810 4510
4810 4610
4810 4710
4810 4810
4810 4910
4910 10
4910 110
4910 210
4910 310
4910 410
4910 510
4910 610
4910 710
4910 810
4910 910
4910 1010
4910 1110
4910 1210
4910 1310
4910 1410
4910 1510
4910 1610
4910 1710
4910 1810
4910 1910
4910 2010
4910 2110
4910 2210
4910 2310
4910 2410
4910 2510
4910 2610
4910 2710
4910 2810
4910 2910
4910 3010
4910 3110
4910 3210
4910 3310
4910 3410
4910 3510
4910 3610
4910 3710
4910 3810
4910 3910
4910 4010
4910 4110
4910 4210
4910 4310
4910 4410
4910 4510
4910 4610
4910 4710
4910 4810
4910 4910
